#名称
#上切牙
#上尖牙
#前臼齿
#前磨牙
#下切牙
#下犬牙
#下前臼齿
#下臼齿
#重量
#标签：0=草食动物  1=肉食动物   2=杂食动物
Badger獾,3,1,3,1,3,1,3,2,10,1
Bear熊,3,1,4,2,3,1,4,3,278,2
Beaver河狸,1,0,2,3,1,0,1,3,20,0
Brown bat棕蝠,2,1,1,3,3,1,2,3,0.5,1
Cat猫,3,1,3,1,3,1,2,1,4,1
Cougar美洲狮,3,1,3,1,3,1,2,1,63,1
Cow牛,0,0,3,3,3,1,2,1,400,0
Deer鹿,0,0,3,3,4,0,3,3,200,0
Dog狗,3,1,4,2,3,1,4,3,20,1
Elk麋鹿,0,1,3,3,3,1,3,3,500,0
Fox狐狸,3,1,4,2,3,1,4,3,5,1
Fur seal海狗,3,1,4,1,2,1,4,1,200,1
Grey seal灰海豹,3,1,3,2,2,1,3,2,268,1
Guinea pig豚鼠,1,0,1,3,1,0,1,3,1,0
Human人,2,1,2,3,2,1,2,3,150,2
Jaguar美洲虎,3,1,3,1,3,1,2,1,81,1
Kangaroo袋鼠,3,1,2,4,1,0,2,4,55,0
Lion狮子,3,1,3,1,3,1,2,1,175,1
Mink水貂,3,1,3,1,3,1,3,2,1,1
Mole鼹鼠,3,1,4,3,3,1,4,3,0.75,1
Moose驼鹿,0,0,3,3,4,0,3,3,900,0
Mouse小白鼠,1,0,0,3,1,0,0,3,0.3,2
Pig猪,3,1,4,3,3,1,4,3,50,2
Porcupine豪猪,1,0,1,3,1,0,1,3,3,0
Rabbit兔子,2,0,3,3,1,0,2,3,1,0
Raccoon浣熊,3,1,4,2,3,1,4,2,40,2
Rat鼠,1,0,0,3,1,0,0,3,.75,2
Red bat红蝠,1,1,2,3,3,1,2,3,1,1
Sea lion海狮,3,1,4,1,2,1,4,1,415,1
Skunk臭鼬,3,1,3,1,3,1,3,2,2,2
Squirrel松鼠,1,0,2,3,1,0,1,3,2,2
Wolf狼,3,1,4,2,3,1,4,3,27,1
Woodchuck土拨鼠,1,0,2,3,1,0,1,3,4,2